Precision: 0.448835 +/- 0.206682
Coverage: 0.304241 +/- 0.183443
