Precision: 0.567175 +/- 0.148384
Coverage: 0.808786 +/- 0.065335
