Precision: 0.586122 +/- 0.145939
Coverage: 0.789339 +/- 0.073851
