Precision: 0.439502 +/- 0.091539
Coverage: 0.653567 +/- 0.069369
