Precision: 0.500241 +/- 0.081031
Coverage: 0.651249 +/- 0.076793
