Precision: 0.586951 +/- 0.193511
Coverage: 0.549001 +/- 0.199533
