Precision: 0.427005 +/- 0.128135
Coverage: 0.490354 +/- 0.153872
