Precision: 0.463248 +/- 0.190523
Coverage: 0.355233 +/- 0.156138
