Precision: 0.572936 +/- 0.205418
Coverage: 0.489238 +/- 0.179429
