Precision: 0.509012 +/- 0.068693
Coverage: 0.745445 +/- 0.055205
